41.403679,-62.854145
43.250715,-55.976291
44.162854,-52.354958
44.838142,-49.540206
45.386248,-47.150180
45.851052,-45.033072
46.255443,-43.110184
46.613191,-41.334525
46.933332,-39.675387
47.222212,-38.111443
47.484466,-36.627170
47.723622,-35.210835
47.942441,-33.853361
48.143128,-32.547539
48.327480,-31.287528
48.496990,-30.068546
48.652913,-28.886598
48.796312,-27.738327
48.928108,-26.620856
49.049094,-25.531706
49.159967,-24.468763
49.261346,-23.430153
49.353773,-22.414244
49.437736,-21.419567
49.513674,-20.444852
49.581986,-19.488936
49.643029,-18.550799
49.697127,-17.629497
49.744588,-16.724201
49.785680,-15.834128
49.820659,-14.958595
49.849757,-14.096949
49.873199,-13.248620
49.891180,-12.413056
49.903893,-11.589767
49.911510,-10.778284
49.914204,-9.978188
49.912123,-9.189076
49.905416,-8.410578
49.894222,-7.642349
49.878667,-6.884059
49.858882,-6.135407
49.834976,-5.396104
49.807063,-4.665878
49.775248,-3.944475
49.739628,-3.231650
49.700302,-2.527170
49.657365,-1.830827
49.610892,-1.142396
49.560978,-0.461694
49.507698,0.211480
49.451125,0.877303
49.391336,1.535952
49.328400,2.187596
49.262381,2.832395
49.193351,3.470502
49.121364,4.102072
49.046483,4.727246
48.968767,5.346168
48.888266,5.958973
48.805042,6.565791
48.719137,7.166755
48.630605,7.761987
48.539494,8.351608
48.445845,8.935739
48.349710,9.514496
48.251125,10.087991
48.150134,10.656337
48.046778,11.219641
47.941089,11.778010
47.833114,12.331549
47.722880,12.880360
47.610425,13.424546
47.495782,13.964204
47.378984,14.499434
47.260057,15.030332
47.139035,15.556994
47.015946,16.079513
46.890818,16.597982
46.763678,17.112494
46.634546,17.623140
46.503456,18.130010
46.370424,18.633193
46.235474,19.132778
46.098631,19.628852
45.959909,20.121504
45.819338,20.610821
45.676927,21.096887
45.532700,21.579790
45.386674,22.059615
45.238863,22.536447
45.089284,23.010371
44.937953,23.481472
44.784881,23.949834
44.630085,24.415542
44.473575,24.878680
44.315363,25.339334
44.155460,25.797586
43.993877,26.253523
43.830621,26.707228
43.665703,27.158787
43.499128,27.608286
43.330907,28.055810
43.161043,28.501445
42.989540,28.945276
42.816406,29.387394
42.641644,29.827884
42.465256,30.266836
42.287244,30.704337
42.107611,31.140480
41.926356,31.575354
41.743478,32.009050
41.558977,32.441665
41.372849,32.873288
41.185095,33.304021
40.995708,33.733953
40.804682,34.163187
40.612015,34.591825
40.417697,35.019964
40.221719,35.447711
40.024077,35.875168
39.824758,36.302445
39.623751,36.729654
39.421042,37.156902
39.216621,37.584307
39.010472,38.011986
38.802579,38.440060
38.592923,38.868653
38.381488,39.297892
38.168252,39.727908
37.953192,40.158835
37.736288,40.590811
37.517512,41.023985
37.296838,41.458497
37.074239,41.894508
36.849682,42.332173
36.623133,42.771659
36.394560,43.213136
36.163923,43.656788
35.931183,44.102791
35.696295,44.551352
35.459217,45.002660
35.219897,45.456939
34.978286,45.914406
34.734323,46.375299
34.487955,46.839862
34.239110,47.308357
33.987728,47.781054
33.733730,48.258243
33.477041,48.740237
33.217572,49.227355
32.955238,49.719947
32.689935,50.218386
32.421562,50.723064
32.150004,51.234404
31.875137,51.752869
31.596826,52.278941
31.314927,52.813157
31.029281,53.356086
30.739715,53.908349
30.446039,54.470635
30.148047,55.043679
29.845508,55.628299
29.538170,56.225395
29.225748,56.835968
28.907931,57.461123
28.584366,58.102105
28.254657,58.760303
27.918357,59.437291
27.574954,60.134868
27.223862,60.855100
26.864404,61.600364
26.495786,62.373439
26.117076,63.177618
25.727162,64.016809
25.324698,64.895754
24.908030,65.820289
24.475096,66.797706
24.023246,67.837378
23.549003,68.951644
23.047637,70.157301
22.512411,71.478367
21.933152,72.951160
21.293117,74.635627
20.560842,76.644743
19.661063,79.249558
18.230297,83.764021
17.759522,87.112819
19.590160,81.176291
20.640633,78.034539
21.438151,75.796708
22.117191,73.977822
22.723335,72.414035
23.278666,71.026188
23.795897,69.768841
24.283146,68.613039
24.745964,67.539042
25.188358,66.532628
25.613322,65.583184
26.023175,64.682516
26.419749,63.824158
26.804520,63.002898
27.178708,62.214447
27.543319,61.455263
27.899215,60.722321
28.247117,60.013074
28.587657,59.325311
28.921377,58.657124
29.248754,58.006831
29.570209,57.372955
29.886110,56.754193
30.196793,56.149371
30.502551,55.557440
30.803649,54.977462
31.100330,54.408575
31.392809,53.850008
31.681286,53.301041
31.965941,52.761043
32.246940,52.229396
32.524431,51.705569
32.798556,51.189036
33.069441,50.679334
33.337208,50.176020
33.601960,49.678689
33.863805,49.186955
34.122832,48.700462
34.379130,48.218870
34.632781,47.741860
34.883861,47.269142
35.132437,46.800425
35.378579,46.335450
35.622346,45.873957
35.863796,45.415710
36.102982,44.960476
36.339956,44.508036
36.574762,44.058186
36.807448,43.610728
37.038053,43.165463
37.266616,42.722216
37.493170,42.280803
37.717755,41.841063
37.940397,41.402829
38.161128,40.965941
38.379976,40.530254
38.596964,40.095612
38.812119,39.661882
39.025462,39.228918
39.237013,38.796590
39.446792,38.364770
39.654817,37.933326
39.861105,37.502140
40.065667,37.071088
40.268522,36.640052
40.469678,36.208919
40.669150,35.777574
40.866946,35.345912
41.063075,34.913821
41.257546,34.481196
41.450364,34.047933
41.641539,33.613930
41.831070,33.179085
42.018966,32.743303
42.205227,32.306480
42.389857,31.868524
42.572856,31.429336
42.754225,30.988827
42.933962,30.546899
43.112067,30.103462
43.288536,29.658425
43.463370,29.211695
43.636559,28.763185
43.808104,28.312803
43.977994,27.860462
44.146227,27.406074
44.312793,26.949547
44.477685,26.490800
44.640895,26.029739
44.802412,25.566282
44.962226,25.100341
45.120326,24.631827
45.276699,24.160655
45.431335,23.686739
45.584213,23.209990
45.735328,22.730324
45.884660,22.247652
46.032193,21.761887
46.177905,21.272942
46.321787,20.780729
46.463816,20.285160
46.603973,19.786145
46.742235,19.283597
46.878583,18.777425
47.012994,18.267539
47.145444,17.753848
47.275908,17.236259
47.404362,16.714681
47.530779,16.189021
47.655132,15.659182
47.777391,15.125070
47.897529,14.586589
48.015512,14.043640
48.131311,13.496124
48.244896,12.943940
48.356224,12.386987
48.465264,11.825161
48.571979,11.258356
48.676335,10.686464
48.778283,10.109378
48.877788,9.526984
48.974807,8.939171
49.069299,8.345818
49.161210,7.746811
49.250498,7.142026
49.337116,6.531337
49.421006,5.914618
49.502118,5.291736
49.580403,4.662556
49.655793,4.026938
49.728235,3.384740
49.797669,2.735807
49.864025,2.079995
49.927243,1.417133
49.987245,0.747065
50.043964,0.069616
50.097326,-0.615399
50.147245,-1.308161
50.193648,-2.008865
50.236439,-2.717716
50.275533,-3.434932
50.310838,-4.160736
50.342249,-4.895361
50.369668,-5.639065
50.392978,-6.392103
50.412069,-7.154757
50.426822,-7.927331
50.437101,-8.710131
50.442776,-9.503494
50.443706,-10.307789
50.439731,-11.123388
50.430693,-11.950708
50.416423,-12.790201
50.396728,-13.642330
50.371415,-14.507629
50.340276,-15.386655
50.303074,-16.280016
50.259568,-17.188384
50.209489,-18.112488
50.152552,-19.053144
50.088434,-20.011220
50.016791,-20.987714
49.937244,-21.983706
49.849371,-23.000429
49.752707,-24.039246
49.646731,-25.101702
49.530862,-26.189559
49.404434,-27.304805
49.266699,-28.449750
49.116795,-29.627070
48.953727,-30.839868
48.776329,-32.091833
48.583219,-33.387359
48.372754,-34.731764
48.142926,-36.131546
47.891248,-37.594854
47.614579,-39.132046
47.308847,-40.756675
46.968591,-42.487015
46.586203,-44.348780
46.150478,-46.380037
45.643644,-48.641592
45.034166,-51.242032
44.254374,-54.415967
43.081631,-58.940414
41.308053,-65.444337